8650
6544
880
5341
4991
4839
7405
3738
1294
9919
8815
1597
4450
7324
7568
788
4685
5024
6871
5335
5510
9325
7982
5224
9081
7349
6208
6445
3746
5114
2076
2509
304
3948
2958
9398
7921
4477
6732
6239
160
6914
9775
4220
4806
9841
6975
8273
4997
1942
816
2089
8493
9965
5785
7627
7631
885
2101
6616
5308
1749
9880
4531
4601
5072
3112
3333
4020
7239
9875
1824
3397
477
2849
1224
620
3213
4754
8643
8020
8139
7977
4283
2653
871
7652
8889
2889
9410
6191
6172
2413
756
4311
2307
7515
9985
327
8524
2450
857
1256
1763
7633
9708
8586
5195
353
7111
2090
5504
7869
3800
3692
6783
4014
9230
6985
1527
8231
1573
8226
9848
6319
8630
2852
8783
7144
5105
8164
1868
9112
6456
1112
3639
3230
2051
2498
2688
4997
4984
752
4975
8348
695
6629
312
9110
5469
4552
4783
3242
1378
7408
4398
3755
4102
6373
8564
9537
69
5755
3294
8738
1866
974
8858
1548
2235
355
580
4335
1128
2679
5736
7735
9195
7851
8232
765
8681
8684
5623
117
2880
5628
214
3746
9086
7275
3408
9806
198
6086
7642
3164
2875
9272
1274
5738
9988
6985
1600
6134
9951
7627
7989
8637
9988
9415
7110
3703
9839
3432
6816
140
2702
1872
9802
2
1163
2588
7897
7811
9093
7977
4845
6101
1369
3068
8886
5295
4946
8446
8
9210
8376
7501
8399
9563
951
1182
7792
454
3427
7774
5700
9559
7596
5046
2575
1813
243
9784
8773
4322
2500
2367
7854
7944
6596
5720
6015
2482
806
345
5206
4631
3520
2121
8125
9519
3390
888
5754
6814
3258
4973
4694
4626
5870
6759
2182
9226
6815
8208
3811
4115
5385
2098
2865
3629
1289
2282
5172
1107
3552
9524
9611
3762
5370
4673
5705
2209
3670
5201
924
7696
981
6465
9611
6953
5755
5567
9616
9794
9084
1826
3356
1147
1694
8997
1848
9312
3080
8005
1910
9684
2572
1740
8526
4585
7617
6601
2128
1196
6193
2525
2031
7513
2674
9819
6129
2994
706
8662
1634
3274
6700
622
3439
9239
1144
1899
8541
9937
8408
5034
1463
4205
8368
9242
8787
5472
7513
9928
9147
4164
2020
2000
3029
9949
7816
214
7032
6958
6221
4561
2771
3002
1136
5978
4903
8774
1105
9903
2136
1789
6831
3119
9479
4287
162
1214
1520
6820
7601
3189
6196
817
1028
2428
7259
2222
1231
1473
2284
3939
2936
1313
4260
4849
5819
2185
1623
1183
4877
6972
3237
3498
9102
4754
7522
7901
7984
1236
1768
1740
48
3171
9514
7603
454
8891
7006
2860
9800
1540
9028
1807
2290
7381
4617
6857
809
5075
9606
4623
295
2606
924
9618
3377
1498
5792
8441
3784
947
6511
314
4469
7831
378
8494
6339
1439
3927
8861
7859
3529
5086
6090
9981
5648
2779
8454
2657
9652
7863
5523
4187
793
4946
8020
5680
855
9377
2877
7228
5867
6480
7064
6079
3816
1740
360
5700
5800
4681
3499
4790
4358
6647
1315
2314
8164
6245
655
2889
850
8824
8630
6900
9229
3918
7654
7685
6512
2991
2002
3713
7261
6381
4769
3889
4413
1456
1647
4657
1578
6015
5836
161
4474
9318
5946
2212
9883
6302
4371
7699
5675
2709
5969
8242
9434
7831
3572
5762
7414
8721
7335
1824
6581
5525
8451
9906
5255
7628
1001
3116
9758
8947
5741
7622
8245
3245
6048
8775
1805
7115
6893
9676
4143
7429
4760
5590
1448
1659
6000
5742
5630
7210
8651
6075
4825
290
6023
2397
6576
3208
6965
3163
1123
8135
5104
3680
6561
501
5452
3932
9723
9340
5172
638
4148
1806
3886
9144
5312
2923
8068
8517
243
5396
1896
1593
5870
4984
4228
5515
7262
8919
572
3630
550
2695
7195
805
363
5537
5898
7103
420
8722
6781
5420
9663
3747
6391
1190
5552
2161
4737
6016
1627
2052
6085
8517
8807
904
1491
2063
3723
191
8992
7264
100
9028
1045
4138
6628
3471
8010
6354
8081
7469
4275
4871
1268
5796
4802
6830
9235
4536
1434
5392
2042
4193
2123
4954
7767
7979
5601
979
2389
8808
489
2508
7028
2952
6417
4286
5292
6742
5853
7065
5526
8518
7464
2016
9461
4519
1525
9429
2125
6128
9816
8408
9123
8407
1544
8509
2938
6309
4835
1548
5478
4625
2335
7418
4896
926
5196
7604
5388
8646
4217
1219
7817
5415
5330
6817
7193
7798
7580
2332
7926
3709
9230
988
7944
3261
2486
8329
2672
6206
8148
2172
1220
9152
4681
6192
4917
4144
153
2121
9731
8406
1694
9961
1122
2598
5515
7678
8453
3332
2306
6872
7016
386
4748
1069
4012
6990
9989
4864
5395
9375
3834
8479
58
2946
721
4237
2865
2074
2988
7628
7761
8911
8804
7581
9858
2089
2986
2908
3004
6286