7168
4338
1525
513
543
5482
8567
3001
3686
7931
7842
9890
159
3414
9327
7080
302
8250
7613
8994
5150
7930
3571
6408
1159
6123
3250
8119
6209
4907
9625
7827
3150
2461
160
7511
9530
6080
2477
4395
9917
4888
641
8649
1078
1931
8796
882
1268
1196
7505
6900
6946
6565
9331
4770
7295
5758
5219
6169
3435
7644
4572
5279
74
799
5183
8717
5587
7498
6656
3324
1670
1817
8162
8263
6392
5592
6541
30
2193
8532
393
5450
4589
3540
7287
315
4780
3613
4342
3944
9868
9365
6546
6166
2562
5397
7320
3185
9752
2944
733
971
8568
1874
4329
2042
2800
8250
2476
715
5918
2899
651
6602
4763
3283
515
2846
5914
3346
152
5557
1322
8294
7183
2343
1526
1407
3394
3248
4774
6086
3505
4031
6842
5358
3341
1953
4303
3625
5402
2620
6987
9373
197
7354
8890
298
2662
436
636
7570
3644
1492
1947
122
6138
1635
7776
3048
1052
1177
48
1215
8619
6220
8428
977
3602
5656
5786
824
9118
2799
5429
156
5488
4245
6474
8952
2361
708
3191
280
2685
115
1168
3641
3310
4648
2040
7037
3617
8505
8929
2776
3618
6967
7867
8073
9985
4011
4403
5632
15
7341
4002
5717
2674
2856
4462
2316
357
1509
1118
4873
7165
445
2203
1669
1295
8427
906
3615
247
4955
7582
7222
8898
1821
6809
8388
8868
1562
1941
4797
41
3720
7888
2168
3870
5013
8557
5530
3901
2579
313
7421
4565
9192
5345
2033
7878
2110
637
3836
9719
7612
9131
1101
9828
7946
7897
5892
2826
213
6557
3549
3714
814
6746
5480
8169
5716
9610
9135
8305
7834
1104
3446
8358
5978
1976
3657
875
4790
1977
4550
8919
9030
9234
8392
6227
6372
5019
4234
7647
1673
248
3694
3017
8993
1781
7673
5427
7813
3437
6122
1347
527
2599
7577
4408
6209
6161
6217
1065
4847
7985
7107
249
2364
1269
5749
7974
4031
8630
332
8910
4050
7704
9760
3926
2759
9620
2067
746
4606
8734
1341
9510
9482
2450
4466
6382
2034
3461
1114
7407
8633
1456
2756
8602
4971
2366
3484
6115
714
5026
714
3878
6853
7121
6388
9712
4343
3698
6431
8058
389
2387
440
6809
579
5426
3682
2359
509
931
2942
3567
9559
744
2558
3445
2857
3405
8304
7421
680
7272
6542
9408
6705
506
6623
3103
8021
9136
7741
6983
2310
5673
2632
524
9624
1208
9207
5904
730
3920
5807
9498
1121
9439
7427
8632
8888
1360
1527
5156
6610
7161
8155
1006
6593
3203
8580
8293
4366
3945
4404
2371
3785
5340
8862
8856
5946
5689
527
6078
4420
4807
3053
5467
8357
1701
2556
9111
7394
3960
8238
6872
3071
1545
7165
845
4041
6928
4139
6056
7345
4260
4900
2382
5368
5749
6099
1005
8243
2721
5829
4799
8529
4312
4174
8710
2059
2644
2069
6216
7493
4700
4079
2823
8384
7602
3402
2609
839
7211
1405
1030
900
7457
7653
4024
7311
9400
9551
5673
1854
5102
8486
1406
8331
5861
879
9189
8340
7591
1704
3132
4820
7023
6640
8924
2442
5388
8654
3025
4426
3773
4385
2823
1853
8121
8613
3112
3279
1972
7965
1685
3484
9056
4331
6052
3677
7942
1928
6855
4694
72
8678
6870
7848
7039
2527
7122
2501
4191
7607
9697
5532
8784
6512
4866
4555
3828
2448
2043
1159
6868
3237
7152
2673
9253
5405
3524
5596
8891
4796
3760
8690
3242
3719
7852
3270
620
4772
9413
2512
2683
1701
6200
1203
1727
4928
9222
6220
588
9766
9257
4381
7195
6121
1361
2074
2889
8940
5151
6437
8176
7748
5800
2565
2620
454
5035
9562
9936
2429
5887
9906
3046
4923
2323
7869
5070
1853
8423
1703
2061
1396
5170
4876
4406
2444
7226
7878
7035
9565
5390
2833
3948
4062
9054
7936
1976
6826
5264
7048
9399
8938
5796
2233
3021
3544
5472
4767
5349
6777
7460
8127
1260
452
3594
4064
2915
8479
6078
9816
2497
1715
5053
4038
5517
5479
2181
7140
1049
9475
5207
3645
9683
8061
6299
6543
8646
5611
4331
2100
1801
8399
6854
5322
61
1428
4053
7207
2403
4669
8850
2149
2903
8744
1747
4792
1689
6346
6280
9995
2105
8435
7512
4845
9520
9288
8405
5484
6277
7659
5327
4429
7848
1700
48
4097
7607
9753
9838
7759
4004
8467
1410
7109
7516
7468
8917
1315
7690
6992
3271
6601
3092
5150
7741
6007
2977
5489
8887
6864
1799
6206
6959
935
8790
3395
4371
9507
8081
3794
5293
4446
8583
1108
109
9337
906
6530
7790
4319
7547
8388
3930
193
3030
3026
4905
5976
6389
8081
6433
5678
7661
9225
659
853
7102
9291
3897
7409
1150
4150
8922
7446
5623
4822
8619
2454
6764
6594
1275
1136
5990
7912
3384
7057